5956
4351
5041
1150
8956
2046
8482
3472
7479
2965
4222
7703
3581
9423
4454
1837
5027
8113
3932
9031
6925
2733
9001
6808
1771
2590
5641
5682
9476
9690
6309
5222
8643
1555
1622
1051
6847
4339
8928
7492
4306
6694
106
9245
4485
5837
8552
268
2289
2551
1822
6957
5595
4028
3264
7932
5225
2973
7925
3705
5989
3118
9245
7890
4773
9544
3202
1382
2229
2058
7014
1492
206
3822
9413
2643
2131
9876
2463
387
1190
8493
9114
2430
9361
8624
9191
7402
2585
7600
8067
8295
5816
6736
8658
4199
764
3533
1922
8971
7485
1394
6520
9947
4606
5865
1444
1226
4645
7573
8995
519
6712
6984
5704
9272
5606
6992
2995
4896
1676
1949
3270
3823
9739
9297
6412
4931
2073
3573
4661
6537
5236
4469
9937
9623
5368
6209
2943
4761
488
3702
567
4293
5963
2701
9298
6892
1392
2223
2010
2257
614
3008
5975
6797
7795
6838
407
3346
7206
5530
8018
4474
5765
6212
2430
2722
552
3284
1926
4837
4141
1948
113
7776
7973
714
7083
8163
7883
3200
5339
3618
5959
9438
3377
8128
1446
8830
2579
8095
4212
3643
5485
6021
7942
3615
7571
3386
2945
6415
2492
2625
5257
7355
6262
8878
6776
5537
8685
1076
7446
431
6276
8107
3830
3707
8523
6980
8422
7218
9865
9319
9248
5653
6975
4606
2203
7458
6950
6894
7475
4545
2902
9312
9397
1544
192
9338
6363
2841
2591
1772
2429
3767
7207
5018
2807
6209
4979
7493
739
7326
7340
6615
8620
910
1448
3456
5716
7012
865
920
692
6735
5841
9415
2031
9514
4458
9275
8506
3047
4149
1140
7004
3393
7279
1163
101
3141
2879
8080
3594
1842
3542
9786
2296
247
1190
7993
1017
6516
2177
8972
2429
5938
1446
5763
4126
607
5702
4226
3068
8194
7050
3001
1899
2591
2452
1201
9600
5571
8344
3101
8633
6676
8860
2453
399
9047
9381
899
5823
4729
2951
7606
1034
4645
2318
7556
1493
9758
8525
4448
375
1085
6575
5357
494
3479
7823
333
3293
2074
5275
6806
8495
294
6498
7155
2373
2760
9937
8757
6722
6659
2963
4514
9885
3415
1803
1104
5326
3816
2749
7203
6671
6200
5525
3926
8497
5128
3219
9182
3663
2939
8925
565
4130
4125
5126
4417
8321
3920
9316
2867
4229
8060
1088
288
7566
1770
4048
2232
6305
7737
2441
1213
2048
4592
2818
8040
5892
4149
9977
1943
363
7664
3146
1358
4691
7046
4886
2792
3121
3217
1616
540
929
2217
8959
2155
9234
1568
7038
2269
478
5558
8220
3296
9945
9655
4369
9527
668
7661
1887
5605
7959
4608
8805
4052
209
1241
5493
2484
2421
1858
5432
558
1989
8993
7706
595
1846
2957
7898
5609
7714
2242
1737
8366
830
6765
6739
3563
5814
9127
6720
3557
7356
2835
6183
5348
6028
731
6897
1042
2096
6894
4200
323
8241
7356
6164
7825
677
2794
781
440
3539
8799
2029
1320
6251
4299
3066
2102
8898
6272
2322
9962
8491
7023
8343
503
830
2988
2530
1526
9396
9226
7807
5570
1850
8985
2558
9664
9294
5447
6923
1260
1940
180
5548
1094
7664
7928
1359
282
3516
1673
3289
8006
6606
4749
8278
2326
5726
2513
4716
3355
7261
3687
7781
2956
3748
5643
8068
8971
1827
6371
8175
4761
2045
4354
7866
8195
5935
7286
5682
4697
3414
5818
1617
9424
395
5754
7725
3255
7426
6900
3269
5525
305
1695
4258
4428
4846
8132
3562
2259
6690
7850
1813
7586
6580
5744
8054
4208
4222
4708
9701
4759
9591
3055
8823
7602
2727
4475
8868
9199
2682
5862
5757
2404
3890
6786
5716
4968
8625
8521
7706
8281
4703
7530
8321
6767
3201
9560
5640
3275
3223
6856
2611
5921
9573
9097
1545
2452
4340
4464
8505
6565
5604
2150
1048
1800
5960
2517
1494
2202
6894
4244
8952
9996
7868
9212
2445
2634
7700
9585
9934
7057
8809
8902
7240
5983
8864
2321
8214
7964
9315
5666
4589
1053
7960
5324
4520
5909
661
2246
6076
8599
7531
4882
8898
7904
2031
6427
5128
4201
784
7951
2333
1762
2523
1006
1822
3571
5468
6024
203
2828
3721
4086
5256
9430
1338
8223
6762
4628
4627
2392
6859
6730
5293
1813
8723
6563
915
8088
9620
7324
5935
7684
104
7154
3658
6951
2651
9090
6491
4870
3251
2339
5940
3825
714
4275
1794
5492
3932
1058
6451
7459
3490
6016
4603
9638
7999
3572
3633
7211
9057
5038
1436
7724
3838
9234
5114
6465
705
8653
7617
2400
3459
4071
659
1890
6916
9707
7667
4691
907
9765
7721
8046
181
2940
5218
1185
5976
842
4167
1617
6720
368
3184
423
6774
4297
823
8513
9650
9686
4754
1824
4267
5325
4047
5181
2806
1576
9378
279
6995
8029
7137
925
496
3140
256
3389
5345
8424
3332
7202
8968
1809
1464
1215
6612
5864
5752
8262
7417
9806
8164
9086
6698
3261
2698
456
8636
8140
1694
9476
4430
8365
6904
1698
4617
6373
6419
7537
8570
1332
3407
4390
847
1492
9109
1560
9886
4589
9081
5931
8949
7773
9559
8702
1987
7391
3953
5961
8364
5311
8371
1691
8435
4813
1792
525
9082
3860
7575
802
6801
7524
5245
5856
3370
5316
3232
3569
9121
9842
9058
8301
2832
7022
1177
1476
6273
5061
9499
6747
3223
2477
379
8634
1070
910
381
9434
9001
7801
9719
242
962
370
7860
7924
4577
6159
8028
7597
2065
4663
826
3011
9195
1863
7232
5090
8675
8598
1339
1357
8367
2102
4688
9197
6146
534
9177
3194
2741
4164
9315
178
5508
1487
581
3844
1965
9063
1862
2315
3489
2197
6323
4629
1485
5765
8940
7666
1044
5938
9439
1483
2490
1395
7640
4916
8214
1223
9299
1278
8993
6954
3707
1245
5161
7854
7191
9435
7800
9391
5017
6755
9968
5601
7665
4189
8922
2906
717
3010
281
2825
3651
4406
8624
6360
9296
8801
2737
9772
4946
3788
7109
6053
4001
2323
3226
598
3834
2118
7394
3169
1631
5932
6738
122
1797
413
3621
1201
9255
8525
3835
8087
5909
7507
9105
8719
1048
6947
9133
896
5039
9064
8620
6638
937
4835
3070
5762
7702
1007
8970
9789
2702
7742
6725
7059
8119
3703
7997
8609
6172
6398
7084
1587
6898
5454
1621
4908
5118
1815
7084
7083
7335
4063
2519
1770
2518
9625
1987
9036
9788
987
6888
8098
2667
3328
2945
1590
9292
3009
6639
2010
1337
6071
3373
3649
4008
9662
8231
7649
7623
8493
4038
3008
4819
6711
2029
6861
4827
6414
7334
1676
9129
8263
6755
3657
7759
9130
2591
1385
3415
4469
9165
7460
9967
273
6345
8358
2146
932
7663
599
3022
3930
6169
326
4465
1841
4742
7515
4913
5321
5638
9092
9906
9086
3509
9375
7442
2505
4181
9181
9177
3232
6643
4716
2409
2741
5436
8437
7141
3361
8681
4374
1431
7339
1722
6348
8885
8289
4731
8847
6253
1572
3487
3107
1238
344
1577
8822
7710
8322
6891
7344
4186
7247
9698
2547
4880
9206
3050
2796
1813
2328
7129
6443
8721
4688
6232
4979
436
9884
7140
8072
6890
2071
1587
4797
8731
2849
7804
1209
7475
9835
2560
4399
4374
4132
9885
7605
4700
461
4705
6556
3718
3558
4857
2402
9083
4354
1310
9440
7015
7695
5648
9169
9845
4958
1000
1708
9922
7773
7065
9256
7120
628
9767
4838
7269
9718
2941
5684
6491
7298
1758
4157
6572
5556
1410
124
9473
6156
4617
8562
2023
5467
2007
428
6307
1430
1953
6139
682
4781
9645
418
9628
9334
1487
1200
7054
264
4613
4846
1746
9622
6104
3925
3348
4222
8004
6577
7331
2566
3702
4659
4807
7424
8259
3760
889
9750
5127
7007
4700
2728
2099
8602
4393
8034
3523
8230
2195
5553
9558
1827
286
6345
8147
6027
1944
9832
4564
7225
373
2192
1219
4364
5374
8649
1921
7696
9672
2819
5512
3386
6249
3331
9481
947
2997
1327
7306
509
5539
6458
2220
415
4780
8546
6552
2597
3735
7107
8152
7300
8762
6236
3223
2058
484
7740
2452
1844
1316
6530
8550
919
4210
7020
1656
4488
8169
8975
3978
1063
7395
3286
9781
2603
7547
5415
863
135
4393
6842
5256
6249
750
7225
9930
5358
2509
2143
1688
3937
8944
2596
9141
808
9193
1461
9981
7591
5016
1525
1143
4144
490
7395
9087
2218
9632
1964
6407
4784
7081
1025
5365
4356
8898
125
8967
3689
1284
5750
5661
249
6907
2152
2831
1175
3510
2058
8862
2458
4224
6706
2503
9386
7392
5586
4353
825
2753
9719
2363
181
8428
9516
7910
1942
1269
5820
785
8627
7614
9590
9586
7283
7823
3031
9370
901
2642
5821
7685
419
8549
497
9755
8937
1515
6173
8335
6308
3228
284
1115
6979
6775
517
1388
1032
2595
7971
6750
7620
265
4374
5024
7238
3685
8918
9652
5940
371
7123
6630
187
1563
8576
7177
6769
8797
8326
6182
4219
9174
9881
1268
6254
2996
1601
4553
9511
123
1253
512
9283
4136
5532
9320
4755
8453
1476
3923
8405
5487
6017
4446
8094
8191
2338
8078
856
3954
3587
966
912
9683
8764
2554
3975
3795
5327
1192
8139
433
2458
248
2065
2593
1516
8421
6925
4113
4048
3168
7734
1776
9142
8715
1403
9216
5296
4730
7433
7208
9562
2280
9743
6371
811
3401
8857
7679
6028
6063
9152
9531
4683
4976
4494
787
3580
1161
5788
8016
9236
3170
4628
9477
3388
8981
2993
6760
3946
9872
8527
5287
7092
7414
151
7701
6784
984
2787
3303
9370
4623
8435
5519
3287
2651
8998
2344
8938
6428
2896
4091
7951
650
7360
718
1357
1859
116
3140
9617
1689
966
3606
8595
4812
7610
5989
576
3644
2825
9893
4790
4116
9466
2836
4523
528
7399
8333
5991
3498
6654
5229
1142
1972
969
5522
174
8717
4234
1998
3990
9869
8257
1721
182
9692
8461
6371
6318
6192
6878
1343
9707
7949
245
180
6950
8506
8981
8802
1833
3556
2437
9252
4098
4634
8019
2495
2198
6734
4431
2012
5895
6128
5848
954
5052
3149
5110
8758
9875
7277
1252
1084
7310
2432
1985
201
5112
5148
1636
6496
2734
4881
4380
6842
3723
1026
3338
9983
8489
1034
2493
2968
1982
5119
7255
4596
858
2435
4815
2161
1506
9440
376
1236
5617
5403
1488
1965
5601
5167
4583
3450
6992
9907
749
1862
7392
4467
9434
1507
4857
293
975
4426
8567
9410
4171
789
7851
5006
931
1087
1206
1830
9807
3024
9914
8421
4791
5805
5988
698
4760
9850
266
5169
774
4434
5176
8414
6278
1872
9792
4719
3628
6845
7253
6438
8051
7274
1300
4351
6147
5220
7323
4809
1600
280
7566
636
4191
834
5930
4039
4599
5875
2880
3113
4774
6712
3845
7552
1973
7553
6055
6416
8418
5292
1823
7539
5063
9724
4579
8293
8982
1163
7043
8124
1061
5009
4804
5033
7139
4443
957
3765
2966
5014
803
7182
6443
709
3943
1551
6888
8551
3461
2108
3001
5421
8318
354
2624
1542
6541
366
2070
6271
9157
652
7676
6142
6583
8258
8217
5264
8428
2525
8281
1057
7807
9086
7516
8518
9043
1301
372
2829
5119
8355
2294
2331
7976
2705
9106
6342
157
2664
3013
6045
102
2626
7607
9954
8825
1804
3181
7619
6868
7805
4612
6656
1393
8338
5217
6095
7774
7927
8844
3323
5863
9931
9299
1497
1655
154
6119
3903
3837
2571
8404
2909
1475
1334
8468
3761
3026
5890
5486
9137
6470
5375
9348
5271
9700
4567
1964
7920
7823
4173
8154
7823
3049
9683
8123
2573
7333
4830
2464
7094
6019
760
9739
8062
1320
8089
7279
1293
3145
6700
5884
646
3284
4498
4638
4582
2885
2209
7671
5639
3110
7661
6621
1035
9828
1664
8957
5479
673
7832
1469
2679
1340
2269
1891
6099
6697
8782
490
1440
5662
5007
3795
8143
5175
6432
9917
3282
4774
7769
4909
8173
2843
7829
1850
8614
1595
6141
6436
9051
6572
3413
497
3495
9478
157
3963
1314
9619
6001
6380
8873
1620
7866
1554
8539
853
5088
8393
9840
9001
9763
5648
5106
3644
4342
9316
5173
3517
8074
9778
2279
5083
5732
2822
4103
7369
1224
3420
7072
4969
4232
835
7643
1031
2986
1138
6276
686
9978
4721
4343
6504
727
1574
1848
3753
8374
4327
2967
2326
6982
6091
7504
8108
8683
2291
8221
2501
4716
1691
7961
986
7432
4098
6552
368
4874
3359
3519
781
2331
5949
1811
5612
1712
5978
7772
9801
6776
5067
4455
9098
9865
5357
7308
9872
7602
154
9120
9682
3302
2850
3619
2533
9177
1694
7797
2023
4454
9536
2528
8941
2582
4933
9089
5097
142
9026
7028
6468
7906
9602
6830
5700
6822
8698
2566
9168
3641
4573
2208
582
6324
4765
5528
6737
5084
6431
7796
6544
367
5847
600
3802
1744
5832
4010
9306
8958
4800
1126
7806
840
4677
9034
2615
8525
8803
3677
4376
732
2901
9979
4249
6124
2631
6593
1102
7711
4077
483
7347
3034
9548
7288
5340
4145
2583
6138
6165
9430
1008
4505
2141
6161
6671
1434
241
6984
2744
4471
862
5008
5739
545
2208
6246
4873
2694
3697
4531
508
2877
7704
1609
8773
4695
9253
3351
9338
1481
7061
5344
1486
2963
8355
517
6038
7491
2163
8073
7258
8089
1048
6910
4372
6635
4223
2610
2024
6805
6825
7479
2037
3935
604
2691
3803
9241
3021
150
4287
8284
9996
469
1054
3677
5933
2061
3323
9085
1206
7144
7209
5842
6856
5370
9870
9475
7740
6769
7379
6197
2363
5973
8111
4966
588
2229
1317
7208
4241
3229
4654
6693
4818
8194
2664
8483
6092
9856
8048
3032
7555
6706
5522
8038
4833
4761
5576
3341
9309
2328
1126
1315
9569
1619
6491
3137
8761
9381
1213
1659
2433
2607
5563
9497
725
4244
7313
9444
6584
5164
472
663
159
6882
6292
7994
3242
4429
1059
3188
8575
2851
5644
7524
6383
5777
598
7135
9981
3570
5707
2430
2323
4956
584
6641
6749
666
6436
6686
8374
4708
4736
187
9299
8246
372
7909
2338
599
9345
5250
4844
3337
4889
9836
1781
9915
9642
5822
2218
2896
1202
8702
303
2097
4755
1318
4807
3496
6471
8907
5088
7504
6070
1122
3643
7226
2930
7628
6710
649
6828
9521
6027
3467
4844
9212
1725
7928
1922
8650
8591
6336
2041
3941
2967
1358
871
8937
4434
2595
6401
6669
4647
3578
9084
1405
7467
3888
4387
5768
506
271
4549
5106
458
3636
7345
2030
7267
1140
8801
9364
2783
7711
7624
2818
8513
8926
7057
9057
988
3567
7471
7560
3864
4944
9432
6880
2553
2297
3024
3328
4323
2697
3154
7552
490
3453
6193
1642
5249
5774
3556
1670
5222
2236
1610
1602
534
5755
8212
8711
5631
2743
5579
4527
5120
9773
7548
3652
867
3445
469
9767
5886
806
9725
9548
9357
2715
5525
2998
1059
3504
506
7281
3545
5433
3086
330
3669
5165
8730
9188
8480
4249
5940
6094
5823
8620
5059
2224
905
661
9556
2060
2086
1299
7589
3402
419
4859
1071
9141
4379
3375
8112
7441
4239
5234
1417
7652
3143
4005
8490
5007
3645
9842
631
9644
230
3044
3678
4906
5917
7194
5262
5033
3905
1860
7798
5998
7784
3092
3482
786
7491
7201
4350
5624
7544
5645
2469
8545
5372
5600
1129
5149
6828
1328
8005
6887
3549
6888
6560
5399
5008
7070
6814
5865
4215
480
4084
7024
1595
8589
4735
7370
5675
7144
3666
3599
4648
3594
8003
3810
2047
5560
4486
7279
6105
4645
5682
1693
9220
540
2344
756
6212
7427
3878
9671
7442
7265
9496
8769
3401
1971
6412
2376
267
5556
7598
9682
7042
7853
7451
2540
5993
9780
4422
4134
4283
7934
4618
706
8064
6472
1169
5812
2739
4216
4014
8459
2318
9214
6404
9007
5998
6054
951
9032
4205
7604
7378
9858
9062
1030
1863
7165
402
5402
110
2289
4330
871
6842
6432
9909
8847
3856
799
1103
9793
3415
2059
6397
6774
7882
6149
4652
2680
4878
585
537
6469
8809
774
2397
3038
629
967
9342
3560
2311
3796
7179
6586
5276
2901
8299
4309
3276
223
2214
3770
9618
1730
4156
3369
2761
6870
1083
515
5409
1057
2416
722
214
5416
2977
8346
876
7378
2441
5396
4414
203
2108
7150
5827
3203
7063
5740
7984
5433
4762
5149
7284
6542
6363
7307
2168
6510
9942
6325
8530
362
6664
4268
2061
2149
1134
4895
8940
3245
9944
252
5457
8640
9098
239
2447
503
9773
8899
8938
9146
1157
8334
5663
2031
3024
6457
9326
1657
8347
8631
450
611
9208
9270
267
4745
3340
5392
4918
2876
2646
5938
5921
1489
4861
8773
4183
725
1768
1129
8082
2461
5660
805
9325
932
7902
4802
1741
5197
6705
3430
629
5483
3200
1049
770
6277
7117
1885
8683
5958
2004
2570
6000
6820
9746
3931
5286
8220
3957
2248
9812
4143
5775
3086
1274
7183
6516
2075
4955
4439
3203
2605
8383
2181
9302
5159
7381
4691
8124
2004
9790
7351
4616
7495
6344
3411
8819
8838
7306
3996
400
8905
5011
3281
5232
2270
7732
2206
5611
5558
482
926
177
5190
1464
5251
9456
8229
2111
1153
9720
8282
8741
9355
8185
4176
1380
6336
4122
6730
4060
5635
6952
819
7066
3423
127
6829
6996
2966
5903
4761
4512
3206
3152
833
6411
3883
1918
9993
7171
872
5298
9852
1338
6755
345
2262
4806
6531
9997
9995
8668
982
3800
8887
1256
9786
7055
4899
9075
3699
6999
7982
593
2286
2565
5413
3081
789
9275
8487
946
6492
2700
6317
5103
4040
9377
1128
8261
1933
1395
2982
3872
3103
9056
7574
5511
9037
4600
4235
9104
9220
4898
2131
3488
8964
7454
149
9850
4050
9738
7517
4748
4070
1600
4391
8976
5397
8888
5398
1867
1400
3257
6095
3730
8724
6343
7769
4954
1059
6018
5343
2623
1404
1855
4139
6710
4528
2427
1871
2998
1641
9502
6816
3738
4368
5552
3909
4297
6505
4633
8869
8522
5799
2801
3388
4859
1691
8213
6741