2359
492
1059
2833
9564
128
2731
2972
4324
3407
6355
5667
6588
153
5766
5496
3968
5882
8715
4032
4649
8591
9474
9557
4922
9921
3506
1721
7496
4121
4773
5342
1931
3232
7824
881
2511
2195
3155
2506
9786
3649
9567
831
988
8014
9584
2103
9250
2199
113
9924
2094
4299
1428
4155
2135
3478
1228
2433
4572
5451
1419
3887
3861
8052
9197
2416
4688
4257
560
1426
2324
1913
9384
3772
558
6108
4234
2703
3435
657
8941
2510
5676
1627
1965
1718
9015
542
8226
3891
7649
8319
429
6080
2863
7869
2217
8201
8604
7405
4345
1892
3513
3783
6703
1177
9018
483
659
4069
7072
1074
7512
7297
7103
7247
3920
4015
2391
5554
802
9192
9123
6140
5412
5268
5708
3919
7818
4253
8939
533
7681
3616
4975
3515
9400
6643
6413
9354
1883
8231
3550
3398
5383
3420
8110
1406
5230
4881
8924
6226
638
4650
5674
2955
1116
2303
2701
4836
9041
3161
8975
6758
3155
8365
9766
8493
860
8553
5658
6193
1549
2837
902
8017
8602
5788
8327
5387
8084
5852
9133
9122
4973
7910
6556
7254
2713
6938
1023
8414
623
8664
9699
3607
2971
7125
6943
6754
9983
9536
2659
3886
4742
3390
6985
8662
1235
1214
5519
2929
765
4579
2295
8424
8342
9640
4755
8479
8544
2107
1150
5635
1456
2519
1385
4086
2215
9351
8000
6285
5468
8994
8117
2769
1771
8868
7144
7567
8560
5808
8205
2739
1352
5500
4524
6668
6993
6803
127
5489
4854
9676
5450
6975
227
3134
7145
1619
4007
5386
6580
7501
464
7908
2595
538
3839
9307
3736
3422
4350
6052
1247
4461
4909
3310
9717
8261
5784
8691
5207
7810
2688
271
9449
1888
2529
7879
257
6563
7519
656
9968
7895
1304
6215
2970
4630
1981
5770
8644
1583
8714
1352
3018
6739
2442
8485
2487
5565
7749
5854
3992
9658
7976
3575
5481
9860
1245
7174
2175
6003
8374
2840
3752
9163
8208
2670
2652
7490
7680
3085
8557
6974
328
9458
6246
7839
2331
5995
3257
7057
6142
881
2306
6036
3977
3314
8605
5243
8817
1050
4803
5212
1513
1619
8062
7002
8567
7068
3386
3897
6857
5059
2027
9553
9331
5063
525
8754
4743
5585
6940
8576
8653
2076
1434
1405
5513
2999
5798
2961
2874
8282
4152
2298
6347
393
7582
3191
2397
5455
9924
879
5436
2267
9300
1953
4798
9380
7213
8884
8212
5435
3291
6627
4707
9695
3929
1033
6772
5059
6629
8089
3053
8706
6765
4915
5274
978
2841
335
569
7003
7370
398
8085
1917
5428
9506
2496
3987
7894
4186
8799
7791
9629
4272
4525
4667
2103
4813
880
2342
7300
7512
1780
6799
8929
9857
3479
679
4577
8995
5718
4270
405
4308
9329
790
4345
3934
6801
5552
4023
7607
1728
7374
7043
9593
1471
9085
8584
3566
1958
1790
6669
3657
6432
8645
8045
4923
2100
1728
872
7784
5519
5225
5488
1987
6942
252
6829
7619
4603
4433
9739
2683
5292
2063
7763
6932
6172
673
250
7510
350
1092
4943
1198
4779
1369
6590
2958
3581
3416
5969
4947
8046
8359
5922
9952
7911
3947
434
2348
1278
4751
7562
8520
8040
6054
6216
9798
3908
7929
3244
7905
9423
7411
4847
6137
2190
4349
8642
9068
9589
6578
2659
3407
402
9957
8409
5041
7179
8058
1494
8829
9636
7537
5554
8649
7530
6092
1848
7360
3582
9744
2257
582
5946
9086
5371
7563
1925
4101
8984
211
1611
770
5943
7894
8826
3962
3068
8574
8455
3948
608
388
1751
6257
7865
1148
2072
9279
4628
2508
9962
5791
787
2031
1643
9207
7889
1483
7693
542
4485
6266
3227
3411
477
4843
2871
4097
5137
4682
7909
3073
9599
7238
1853
4614
7547
1753
4727
4259
3422
2890
8301
296
4676
8581
8321
2269
4953
7224
8892
6225
7954
5469
6254
2408
9176
4169
9961
9074
140
9627
134
4974
2041
5420
3509
7114
1647
9832
399
4073
6146
4527
927
8080
8122
7545
5469
2799
1263
7123
7919
8452
5067
533
8271
246
5911
4318
4723
9875
443
4977
6388
7338
4772
6226
8070
2222
8773
6540
4390
2394
3190
7598
6717
3672
1961
737
9341
7156
7413
7476
459
3156
2876
8137
3111
1163
8869
9294
8693
9405
5270
1970
6309
8642
3772
9491
6194
7385
9938
4946
4633
1536
2621
5004
3635
1607
4231
778
5907
7309
6411
2972
7745
1567
1583
1391
3535
795
8089
8557
4393
5020
2804
9350
802
3361
1024
8861
1448
7624
772
3638
5403
3335
8457
3107
2452
594
4104
161
5077
7090
1871
3001
2396
9646
8395
3279
6979
7992
4381
8897
390
3237
4460
3674
8110
9362
4541
9440
6681
5516
6619
2200
4201
2509
1420
5342
4140
9351
7300
2203
8308
1319
9286
1035
5029
9996
4357
4376
3372
9721
1212
9390
9728
7210
2433
1095
2949
8668
1082
8305
3275
4338
1099
9266
811
2288
1362
8203
9238
5631
4768
4962
8380
6904
271
5882
5145
5651
2753
1833
5237
7731
8968
8516
1131
6687
8919
2929
6625
9496
625
7205
1867
3593
5354
3551
8835
2827
3463
9610
9899
6610
3251
7440
1548
7323
7684
6121
3293
6931
1085
1251
1058
8202
2195
3865
1182
139
8715
3080
1424
1872
4129
7926
6551
6908
1661
6250
404
1985
6013
9840
4204
3155
8820
8351
2170
8474
5520
6307
6206
986
4828
1215
231
3962
8011
4210
984
9464
3393
7859
5879
4819
3467
236
1352
2704
7926
7417
1857
8485
1058
5048
3060
5466
2982
7368
413
7897
9080
6252
4612
3001
4162
114
1281
8686
8895
4457
3889
8070
8444
8760
4006
7123
3632
1805
8473
6753
6151
3723
3803
8046
7125
3048
9864
2097
470
8851
1623
6085
9318
2583
3023
986
2671
5430
2160
4466
6352
2670
6401
9829
3404
7227
5723
9574
7819
1600
525
8194
2074
8980
2356
1293
5430
1980
2648
644
597
8235
8785
450
8659
2672
2495
2035
8923
5906
3120
754
7851
9674
1359
2102
3252
2284
838
376
4981
4749
3319
7135
8084
7744
3243
4537
7247
1146
7796
1613
500
710
7448
1587
9797
1442
5666
1864
831
5583
2156
6685
6334
1725
3393
9953
3581
448
4616
2339
9367
693
3148
5226
8819
498
8583
3536
4963
4423
7942
4467
942
2265
2627
2488
6957
253
4470
6320
1372
921
2831
5874
1813
4368
7553
4421
7447
8308
6815
3744
3521
3098
5031
8611
8427
1800
6156
8728
4802
6351
830
6237
4704
3907
8679
9655
9351
8452
9918
5871
8299
9886
4770
2982
5627
555
9818
1379
5194
7792
2408
579
2571
3151
4341
3644
1109
1315
726
4035
2628
496
1266
2621
7539
7567
2062
7371
7689
7810
5168
2063
5518
4517
6534
3466
7583
9548
372
4464
6249
3198
4966
1659
2185
4532
502
4397
3537
6518
8259
7053
1820
186
5931
1445
1515
5062
5255
3651
2576
8525
9955
6759
6639
4369
1061
5698
4969
9897
8866
9881
4094
1403
3129
6510
8201
1455
3265
3628
644
8670
3101
3004
3922
2326
273
8911
620
9050
4866
9372
5685
8706
8909
4247
2011
4124
3294
5460
4342
3485
3641
3781
3118
4448
8641
5535
9335
8687
1858
5429
2794
776
6237
9873
1771
3187
7482
8412
9448
7246
905
9976
3798
5829
1136
4932
7220
2688
1072
2915
5994
2857
1342
1720
8339
4599
7869
2455
1864
4943
5909
953
6418
7907
7730
7413
4799
6764
1326
1222
4262
8225
9043
8941
4528
766
2784
2491
5173
5053
7506
2152
789
1221
793
1486
7697
1680
4891
9522
6886
7457
9645
6014
6637
1209
524
7230
7403
5918
9573
171
5628
589
5934
4439
5311
4295
2581
2813
9452
6837
6922
3310
9075
4320
8453
7707
6334
3086
7663
5607
947
521
8070
2155
2448
2481
6832
6541
9305
5588
2083
5977
5023
3719
5718
8058
4482
6480
8943
5910
1438
1105
2283
7068
3276
5383
6951
9427
3938
6462
6758
5668
7551
5109
5709
8900
4395
3123
7992
3808
8671
8877
9079
5874
2825
2192
404
6609
4911
7927
563
202
8523
7454
5686
1821
1251
2154
5288
9662
4266
4669
6079
3986
3044
2468
8041
9980
5109
4372
5503
6944
7616
5617
4285
4397
9171
1483
1715
5597
332
4017
8174
8777
6581
4583
1634
2821
3737
6487
2418
7935
7343
3112
6554
8980
3167
8689
5487
827
1825
599
5334
4396
377
3005
8350
7153
7692
6933
6222
5878
3730
1311
785
9431
3129
3932
1880
4701
3562
6926
2806
5072
4133
9856
2197
1298
3595
3249
9394
8852
1574
4691
4704
8006
3566
9218
6637
7061
925
5201
2544
2583
8916
6733
2092
5676
4153
6999
3753
5769
7231
3051
4756
590
3392
8407
8350
3279
2136
8532
1383
7291
9046
6605
1146
9242
9698
9597
8093
2773
8697
7581
824
6320
4070
9326
1468
1229
3212
4730
448
5080
9489
2708
1119
2449
1585
2272
3298
2396
3619
3523
3967
9730
7039
3693
4039
7206
2587
4715
7592
9664
9585
6701
5286
7452
7559
4082
6023
6669
2718
9084
3703
1979
9966
1904
2272
9581
4786
2596
1057
5864
7452
8274
5160
8702
8669
3808
9015
9416
4927
1409
254
3998
3656
4998
9057
2248
7237
8351
6038
8978
7991
7877
9543
8023
2582
6786
2176
6795
3552
8369
7844
8638
7550
2553
4343
5865
3166
1182
4546
5369
9540
6300
8138
8176
8369
6062
1376
1710
1210
1522
2283
2949
3986
1296
6099
1979
7043
8592
6303
1759
9671
8909
812
3469
4644
5358
1220
5044
3137
4278
801
1969
2204
1971
508
248
7470
8458
6965
3276
1480
5777
6102
5273
3800
1290
3712
6091
3798
672
2648
5054
6284
8629
8267
3349
1266
8415
7039
7762
5212
6721
1579
2035
6752
4841
4680
4106
1345
2025
9087
4595
470
1027
2372
1802
648
3734
8093
6427
184
7893
4502
2803
9382
4762
4261
7022
9103
1244
8791
1332
2657
301
8422
5089
3950
6694
1538
3956
459
6248
3772
9879
9317
715
4043
6182
1520
2674
5882
4399
9934
9611
6613
1078
3082
7180
3651
6575
9331
8606
5188
8837
467
347
7393
708
1347
7794
1727
9756
1466
2202
7018
9031
9536
1397
249
2168
3909
7041
2159
1460
5469
3722
3217
3476
6071
1271
1245
7404
4521
1720
5509
2975
3233
4287
7839
3965
6602
2977
5523
6333
5394
5581
5070
8748
6175
4103
5896
7205
4714
440
1045
6075
1362
3890
8539
1081
1933
2403
2515
1149
3723
9957
1225
581
5484
2173
4424
4226
3284
9808
4773
3980
8605
3586
6173
6694
4227
8463
4822
9796
1722
2418
8574
3564
1671
9542
581
4485
643
3959
7286
513
122
7309
9402
1232
4302
9482
1038
5544
8348
223
7119
2420
6133
3205
5698
7755
7326
9320
4337
8333
7460
3505
8337
7623
9162
8049
5970
9002
3544
7042
5801
7246
672
9237
9671
7513
4517
3401
7480
210
3389
2938
3284
6750
7391
2758
3248
3166
9021
5703
3130
2910
6125
1731
8907
5422
7288
9072
9094
1941
492
3166
6965
2416
8700
3683
2478
8174
6570
173
8919
4191
6962
442
6147
6255
4858
5515
2431
1609
6316
2392
1263
9409
2089
2012
4631
4176
4059
2189
2307
2064
9079
8911
9655
8442
8993
3369
514
3345
6756
6231
7123
5932
889
6653
3181
5207
4640
6099
3217
3396
5792
4045
2728
6761
1575
8123
8204
984
9079
6098
8908
2516
7434
4059
6213
5114
4851
1565
2807
2541
9842
1499
4774
6747
7534
8463
475
6626
105
9056
6662
6815
2503
1904
684
5484
6715
7231
6513
4660
3156
1485
9598
5330
8090
906
8212
6477
8121
9533
1001
5336
4557
4371
2149
4270
1251
8745
9825
8427
7391
400
2314
7061
942
2580
4772
9791
2178
6419
8064
620
9397
4983
110
8907
5640
7141
5393
1600
2006
7345
7903
4306
960
564
6179
8092
511
2544
8603
2035
4398
838
7587
7535
8789
9806
1599
1980
3674
2371
3772
7356
8366
6990
1816
7869
6052
1113
6283
6712
5345
6079
9313
358
980
3146
2381
8368
4108
5239
1101
3177
941
2667
718
3923
3433
8671
6802
8491
9930
3041
9435
6680
4226
1074
5507
5291
8974
8560
2083
1017
770
3587
7415
726
1136
6141
8470
6299
9027
3980
3149
5953
2490
8144
4690
447
9859
1826
784
148
6652
2291
1781
5149
4251
5947
6749
7607
2401
3620
2336
3587
3941
2137
7258
9548
7623
9905
1744
7494
1102
703
9404
8675
6078
1036
5337
8790
2826
8563
5527
2762
2646
6512
5488
8856
815
814
4113
2186
9325
417
3762
4219
6551
8737
5703
1111
4387
9384
7336
7898
7537
8113
2728
2585
8589
9739
624
9903
9509
6976
5478
2325
9026
4308
4483
701
5353
1799
9781
6692
8161
8521
1181
5683
1010
8223
2648
4475
2857
4635
856
2003
3412
8555
5621
2650
7616
4577
2895
7376
6715
7288
9512
1170
1096
7968
4209
9238
5607
2247
3228
2111
4141
779
895
9029
7599
8134
4829
2475
5069
3937
1595
3432
8755
4442
5445
1624
4799
5476
4002
4093
8685
8863
6466
7300
1496
8305
7276
1798
4529
4598
6176
6855
4187
2430
6858
1381
5108
6852
2390
1493
8855
9565
9810
8594
9893
1876
915
5799
1731
4008
2312
1157
8857
9181
2356
6410
7441
1270
1478
7778
2281
5234
1628
4844
4163
4486
9315
5599
2537
3821
7338
4703
5610
6045
5885
2420
2083
6631
1570
3914
8249
6714
2476
9196
3315
5400
660
5665
9518
7144
9695
6818
487
1612
3867
4762
8294
8291
5616
3720
4384
2343
5365
7602
334
381
1459
6169
4908
2817
9913
7852
3691
1702
7790
2734
6809
8285
4883
765
3067
3106
3659
7543
8981
1857
2245
2783
1563
3260
3709
1471
8098
4948
9146
5903
4448
5360
3944
8913
953
3318
6030
6706
9533
6918
5120
5748
1946
9113
3791
4880
2038
6771
8301
9986
5517
7139
6433
7180
3791
6483
8301
6158
4013
1335
5215
5911
1386
5530
3300
493
5660
3707
3987
2523
6097
2095
1802
1491
9665
8460
8623
862
5816
3808
677
181
6855
6429
5054
6003
7375
5814
9502
7033
7456
8291
2317
7671
3762
4854
898
6955
1052
7928
1790
8920
240
1773
5622
3196
3776
7851
3684
4830
8129
6730
9358
6635
3729
3413
5989
6534
6619
4431
3639
7629
4229
3189
3028
492
4111
7534
1256
9655
633
6966
3139
2678
6411
2099
7268
8453
6185
3895
8298
3534
8425
7258
8409
875
7183
6306
9857
7918
9728
8466
6643
1181
7465
8453
7557
547
7307
1324
6243
5443
7866
9478
2037
6506
488
9295
4859
5560
6388
4694
2651
3087
5925
467
1925
8365
8286
314
5770
5967
3783
7219
620
7906
8061
303
220
1844
6053
2697
1866
9923
6820
5612
9487
5988
4792
1308
1246
2149
2236
9118
4603
979
6057
1497
2165
4106
9618
1794
9166
440
1386
5341
1686
5877
6788
8076
7690
8877
8349
5507
6929
3785
4805
2589
3464
7598
7264
835
3790
6791
3586
8366
470
165
9553
5345
235
8702
9737
5976
3113
4799
686
7994
1585
2955
9269
8118
1321
2449
8034
1412
5365
409
8161
3370
149
193
1934
2312
6814
3167
8718
9799
6994
5820
4037
8534
8573
8710
9916
6461
890
8936
7276
8486
877
2309
3638
8254
9847
6971
7300
2784
9746
7058
545
7593
8856
8078
2152
394
6233
5929
3029
3842
7072
4783
7570
3549
6883
8158
3555
7301
2143
3784
9064
8079
5006
101
9973
6030
6859
1833
2088
8677
8467
8324
2875
5084
9223
7955
6797
1099
6754
217
9706
2669
6772
6862
5786
5458
9364
3340
7671
7843
1016
8390
3126
8577
3037
5453
3505
8835
8651
3560
9550
2993
4506
1572
7059
1546
177
6734
8569
5729
1855
2468
4266
2157
5722
9424
394
1799
5706
9589
7765
9862
6656
475
5223
7382
8275
3483
8594
6995
6246
1926
8897
4598
7156
5139
1296
7122
1879
3027
4741
7170
5737
4888
9780
5720
9566
4054
756
3946
3557
1422
4153
7354
6795
7860
2401
4930
2349
9925
7095
8739
8796
7461
3506
1137
6433
9625
7751
7634
746
618
502
8463
8552
1607
6467
1115
5308
5492
8043
1954
4174
3658
1386
8518
3105
4377
7066
4703
584
9413
7583
8345
358
2419
6323
4102
9363
945
3908
7592
5837
4603
4863
4249
3407
7407
2163
9022
8418
3846
1863
1071
340
6817
137
799
9428
6241
4632
5808
1037
5148
8165
6259
8039
3131
7920
7393
9439
5665
4792
6385
8729
208
9242
4295
5938
9619
6264
5402
3522
8375
8566
1329
6467
3789
1461
7520
2983
2612
2638
7945
5314
1738
1358
1991
4325
6026
6444
7743
8056
211
9076
6643
5255
3382
8128
9988
7067
1703
6150
4727
6366
4652
3723
9312
2058
9180
3640
8378
6747
7420
3155
8933
2257
409
1253
9279
9877
5430
429
7822
8716
748
7052
5275
9823
4964
2413
3209
7425
9401
5477
7090
9447
3301
5179
2897
6364
1932
1490
1022
6009
4774
7350
4725
3614
6598
3839
4437
810
3941
3888
2016
3819
7043
986
6782
2911
6427
5206
6980
4760
560
5548
7182
9331
2105
284
7366
6996
9018
7956
5701
6002
5739
2743
1792
2976
416
9217
5874
6537
5478
4485
4279
3515
8197
8138
9342
9734
8592
614
9984
3609
5339
8956
5751
6737
9998
4297
5703
9828
3516
8870
3090
2911
8592
2421
2281
6492
8586
6680
7586
2198
901
3368
9163
7642
748
6873
3278
3189
2825
4007
2466
7657
1280
5906
3734
9101
4220
2463
9754
2264
3150
9291
3292
6847
1152
7542
1550
6659
660
1868
4227
1557
5614
7994
4820
9833
9263
4025
1691
7270
4299
5948
4701
4657
8767
2609
8763
5908
8757
3471
5171
8086
3015
3122
8410
7910
5185
2007
7981
8091
5506
6804
8751
3877
639
7615
8283
4101
487
5760
4275
4963
8543
7711
8846
3339
843
2652
4546
5911
6950
6280
7730
6178
9769
4593
7301
4117
4485
9005
5859
6254
2574
2701
3234
2671
4860
747
4215
3798
7883