1657
2972
3921
4978
3311
378
3234
8140
4412
530
2812
3627
2614
4429
1925
4974
9139
354
9338
3222
8060
7570
5241
2615
2655
4559
7338
8325
9880
5858
6958
3972
5659
4673
6473
4555
1581
7385
4876
5454
4102
1888
9298
1091
6172
904
6500
9724
2092
8175
3005
5773
2504
488
2872
6279
9044
6473
9446
6316
6224
302
9751
9424
3967
4130
1809
3928
7936
2699
602
8149
1446
6819
3708
9502
8184
8161
3848
1636
9750
2202
5822
4103
5320
6575
5690
9546
692
8896
980
6595
2629
1888
5205
8073
3420
1309
5475
7573
4593
5684
6573
2645
1200
8437
6174
6477
4354
6992
3084
5139
5728
4147
3130
5122
6488
7308
156
2712
2893
905
3137
1474
2992
4387
8225
7877
959
8995
273
237
1059
8843
8218
4683
8751
948
1812
9840
5703
1863
3608
4366
1564
3590
1923
7756
1334
2225
8309
581
4313
6963
6072
7056
8605
7367
278
2936
8112
5583
3594
3211
8193
1455
1899
3300
3253
4841
6203
8291
869
8047
5201
9025
8097
6057
5369
6004
482
9049
6916
2533
5617
5944
958
9995
6449
9508
5081
5950
8666
9143
8533
4388
4840
5588
9341
6275
2331
5441
4652
3447
9989
1630
809
3936
9215
4376
9612
4382
2675
6890
7490
4557
1262
4584
4636
5830
9456
4398
8372
3943
7896
5464
6676
9586
5942
5686
5445
8860
564
2848
2812
4869
2452
693
1494
9955
7388
1999
3047
6137
9676
719
186
3863
3366
4500
7527
192
254
8500
8843
5573
5088
7269
3464
7254
4426
9336
6965
4570
9447
4944
600
7756
5229
470
4460
8764
2363
9117
7667
3935
4041
9120
9077
5968
8655
1388
3235
2591
6084
2502
2262
1812
8121
7006
6327
4942
4662
1601
5278
8366
816
3085
8169
2816
5780
9980
3160
8736
2044
1627
4093
2729
8564
5015
1399
4562
7482
6499
805
2869
7892
3830
7660
8300
1036
1414
5399
8864
8901
838
609
3098
1265
9651
4972
8411
5929
2031
9772
4386
6141
1396
7571
5497
9605
7367
7170
3437
5223
1281
9776
9538
396
3046
6900
1276
3170
8665
6204
5916
6185
8083
9044
7231
921
8989
285
6178
8923
4307
950
7580
2200
581
7844
1453
1685
7052
3690
1307
6547
3405
7894
1486
5128
1718
5510
4482
2077
8782
5422
7581
3333
8415
2715
6446
3305
9821
7122
7827
8958
4819
4654
2032
3701
7240
608
6246
4859
4111
513
8786
2161
6563
406
962
6751
3261
6910
348
7709
5325
8719
7209
8900
4494
959
6510
8365
1126
8709
5612
2986
8343
1356
9174
1536
4307
1633
5615
5369
7878
8091
8458
7530
1939
2632
535
751
6262
8890
2042
186
464
1567
9066
9717
3077
5549
9430
7883
9504
6644
4474
4994
6223
5912
7993
7063
144
3963
533
7661
9877
8899
6508
5073
2158
5206
1423
4004
267
2587
9201
8731
2216
1728
463
9298
4000
7710
1972
3157
610
2225
7163
3359
8052
3420
5855
8525
2377
6892
5325
9688
8700
328
7635
7633
8306
1194
4809
8418
3657
3616
5741
4987
4462
5316
5557
9328
1548
7494
6066
5360
862
9961
1837
9776
6534
6344
2893
9160
4092
7814
8651
482
7657
460
2341
5621
9130
5790
5619
6353
4989
6492
9633
6704
9038
4635
3030
3521
8090
5950
2974
8673
3830
4248
1630
1763
4210
5222
8380
8373
2218
6447
6275
9702
5004
6815
6187
5738
2511
9183
8579
8607
5817
918
6358
5705
804
8492
4639
3661
989
9647
8444
5490
7790
7130
7498
6243
3069
1038
165
5186
8479
1634
6605
1256
6437
7070
2536
2870
9508
1202
7157
5489
6586
450
3641
7221
4383
5583
7543
8708
698
7995
1831
4105
6267
323
3242
7397
6529
480
5399
4171
3424
515
9005
7002
477
2158
6562
3957
1785
8333
4560
9559
4900
4340
9454
2410
4776
9558
8511
6085
2816
2518
6197
9266
837
8032
2501
5490
4093
3767
5519
4043
1832
482
4387
5520
5613
2138
3035
4838
9706
4513
7528
1842
6168
1447
2596
2741
9056
7555
790
5141
1729
8922
2587
5210
6519
4021
9127
8884
7981
4849
2125
8542
1786
3300
7976
1361
1131
4743
5384
9172
5206
2600
2785
9225
7025
6334
4748
7564
1633
315
3165
3784
6823
2224
5174
568
230
9275
9727
8707
3138
3988
6116
184
5533
2006
5448
7769
8915
6104
8336
336
4944
9715
5278
6123
1021
8726
6508
3841
997
5169
2383
7094
1774
2964
288
6450
423
4032
8287
5519
8616
3012
9509
5586
3209
9890
545
2180
9422
4041
2422
4890
7620
4863
9879
6718
6598
4658
4789
7968
130
2099
6955
8807
5308
7489
6713
7105
695
686
3866
8730
2829
3039
9237
4868
8543
2836
5766
2996
8631
3841
869
124
3074
8123
4977
1279
8427
385
3106
1159
8404
1076
4434
4978
5740
9810
9757
2348
4875
370
467
8816
9688
4684
3709
1928
7937
2756
5833
332
8473
6699
9559
2282
3662
3820
8328
3854
232
8874
4426
5911
6839
2974
367
214
6888
6139
6710
2970
5179
1512
9485
1487
9003
835
1760
8097
1119
5083
2824
8043
9426
645
9367
8752
8798
4767
6395
3434
384
9171
6504
6545
4852
2555
322
6489
7162
1898
5260
8825
2451
964
5127
4454
7772
1605
4363
8463
4672
7748
4398
9315
5696
3438
371
2138
1681
185
5053
6700
669
7241
9581
915
470
3833
4292
4823
926
1400
4596
9180
9070
7511
1107
7345
5031
2362
8626
9872
8539
3032
4576
3747
2664
8939
8939
6307
7891
5092
3571
4036
6633
283
6774
5103
2420
8211
3570
8453
2135
9913
8682
5356
4834
8353
1118
3324
8691
3734
4359
2306
4299
1588
6609
7392
7114
5255
8192
6306
7960
3281
778
7324
1201
2918
6622
1179
5198
5093
9801
9657
1151
8492
2404
6127
4223
7356
1277
3357
5341
4381
2816
1934
6023
9444
8721
5786
133
5264
9239
9362
923
1654
3687
1108
9775
6560
8621
6242
6208
4573
7312
8276
3229
587
9397
5811
7331
6390
4948
3476
1834
6153
8512
7536
4304
7474
2216
8443
1584
411
6389
9345
1037
7845
8908
5140
9396
654
1031
5332
5579
3294
6911
3091
182
1730
3842
4421
2778
8927
435
4006
9940
1917
3419
8911
1957
2650
1777
6828
8362
6079
4039
3222
7281
414
6335
791
8697
6289
751
5622
8459
2290
3168
5488
3915
1991
2941
603
2794
6332
557
1568
3780
5459
2930
7645
2700
2570
8922
4107
4415
537
6434
9969
5028
516
5097
8452
1614
3391
6580
3977
9976
7493
3463
6096
3244
218
3465
6841
1582
6210
5489
3359
8434
4662
5405
770
2310
2350
7650
7773
2947
4958
9904
2871
9792
7442
2598
8992
2789
8889
4444
6498
2485
3025
116
3293
2381
1137
9882
7738
5449
3842
7689
4308
2920
6261
3589
6483
2046
3707
2153
4936
1994
7522
7475
2692
4550
5939
5520
6307
6233
8855
4803
1035
5080
6160
4388
4493
2498
5047
5551
9879
6016
5592
9188
6305
3852
3868
8400
3257
4761
6805
7506
9405
1873
8784
5859
5018
8241
5706
3811
3231
5872
2020
3328
1472
6487
5958
3761
210
5563
9870
5597
5058
5408
5283
1765
305
3076
7878
5904
107
3571
4579
3234
2333
5307
219
5309
9080
8139
4157
6543
9636
8668
6160
3462
5396
9430
3380
885
9891
857
5791
3364
5289
4310
2659
8990
408
6768
8546
5853
449
2718
9239
8147
4039
230
4649
1764
9446
3598
1172
1043
3489
713
7571
1847
3734
8173
4376
5511
1527
3458
2067
8435
1089
2400
4514
2050
1215
7727
937
3603
8025
1293
2040
9159
9707
4459
334
1352
9995
2777
6410
3602
3304
4897
2099
5928
2766
8135
5546
9088
1841
6109
6806
7935
1432
1267
8496
6138
6953
9621
2461
3909
5600
9142
4335
1476
6762
3944
5950
7685
757
2036
9505
3761
4453
2453
8962
4537
9014
8385
2077
1444
1044
2851
9235
9499
6888
9787
9190
1430
3687
4227
3568
7594
5445
5844
2599
1561
4615
2397
9628
1713
6539
7410
2233
166
7058
5478
7841
345
6709
6401
8057
9739
8578
5241
4025
7528
5024
2490
6677
4728
3291
636
131
686
3285
1166
4629
3174
7487
4090
9385
3266
9317
9055
3157
9206
6762
3225
7140
5194
7026
5319
9960
1286
2421
1636
8207
1409
7891
9088
7657
5082
810
7432
8499
5441
4024
8890
9119
5187
9510
9033
6511
6364
1806
7671
5548
6815
7769
9875
5832
8204
800
3845
1812
6661
9573
8059
1354
6315
2881
8495
9267
885
3586
7451
3823
5138
450
3319
7410
2272
2196
720
1450
6101
3908
3802
6974
1464
8659
5878
7272
5750
2814
8448
3026
7675
921
2736
6839
7079
5059
3501
5149
9746
3462
4314
9360
9937
3908
6953
7514
7768
4188
5663
2041
8213
2428
9404
1769
710
584
576
5789
4219
9467
8424
9414
6030
6373
1710
7270
3646
3070
8840
3918
1633
963
2132
149
6434
8156
2446
1215
9719
4386
6883
4539
1506
2172
2496
5683
9938
7532
8196
5449
5441
8404
2940
6075
5342
4766
8227
1004
9490
6523
2123
584
2797
2252
7491
7170
8671
5187
5434
2944
8590
6537
8393
6817
2076
317
3081
3791
3863
371
6519
1698
4493
541
850
2558
5546
4355
4204
1721
3021
6751
5946
9865
4165
8657
4203
6165
2729
3532
1234
2028
7956
7018
3146
4235
989
2857
3046
9796
9419
1464
6925
5075
9780
4744
3185
1200
9674
6973
3560
894
255
9336
4176
2964
914
8674
9744
6944
2702
9436
2832
6515
7668
4779
2858
7783
3548
3919
7430
8991
3012
3664
8111
8008
6193
5602
7919
7535
3405
4368
9036
2016
1264
9727
9213
5225
4817
2153
5458
6564
233
611
2429
374
9391
3865
1015
5311
1724
7164
8875
2706
8259
678
1789
3571
9832
2656
7313
3586
6393
6709
1180
7814
8400
1013
3023
8167
9559
7146
7840
4380
5634
1463
4671
2171
4818
8521
7643
4418
8475
155
4150
5724
8092
113
650
6732
6421
2724
7528
2825
7271
4280
9009
9929
7393
3990
9349
2789
8039
9841
3692
9677
2382
2390
2959
7417
5964
956
7362
8527
5424
498
3243
6579
7844
9288
9415
8766
1081
4781
1219
8609
124
934
4951
878
427
684
9996
5450
2240
6064
6555
2266
3084
361
7718
2695
8627
800
9008
5334
1928
5470
1340
9520
1805
3730
8249
3443
1289
7127
1998
4795
3646
530
254
8290
2090
8968
2189
7025
5671
5659
6718
4469
8917
2366
7859
2058
7827
8223
8639
7226
7510
3507
2767
9657
1660
7039
7957
5798
2305
7125
2181
8226
3566
5748
4277
2909
8094
1237
8913
3739
8691
9643
2895
7068
1253
1645
4004
6705
5825
8933
4507
5078
6772
7981
7816
280
7994
4933
8655
4068
4783
3416
2297
4895
6447
9468
6052
7086
6079
3772
2617
770
5705
9637
6689
6633
5047
5888
4589
6731
2808
1451
4608
3729
6082
4338
2042
2452
4074
361
513
3209
5147
607
3486
7381
6868
8439
7823
7732
8681
567
9604
8432
5036
9568
9916
5730
6205
8509
4648
5151
9858
7058
7012
523
3537
8623
7434
7975
1613
1798
6574
1586
8245
6535
2361
5859
6572
9507
1659
456
9889
7942
8987
1230
1669
350
3921
5692
127
2003
6660
4801
4989
3021
2457
5935
997
9676
7366
4040
9798
4110
9249
9741
2886
2306
8150
792
6397
8631
7939
6474
3264
3122
2428
8092
1970
6339
1351
1876
3128
3667
4281
7610
561
6786
9133
7266
8696
2896
2713
340
6801
1601
7988
2329
9137
3910
2915
8393
676
2067
7421
2889
2636
3795
7145
7075
1389
5561
1017
1190
6927
4604
8149
6456
4273
4259
1025
4115
2833
6695
1158
9165
2865
3521
223
1237
9311
7509
3239
9159
3814
9928
4478
3958
5886
1648
1900
745
4222
919
4725
2497
4917
400
4862
9185
2426
9246
7042
6727
4429
2211
8956
8173
6854
2568
4385
2773
217
6499
5596
7784
141
3223
3706
6219
787
7271
4154
4936
6266
4768
6883
9192
1106
4474
7530
5713
5062
6584
4720
7113
2267
4206
5385
4630
5199
5248
6203
6332
8292
1154
3491
6449
5139
1662
8821
5405
3032
8441
1208
378
9632
6177
6382
4657
1737
4506
9806
6901
4479
6632
4493
2147
7001
5737
8771
3132
2694
5320
6471
5937
8208
834
7075
384
447
5651
4215
5924
7634
180
2611
5605
447
9952
1155
9383
9380
537
1788
6705
5521
3251
7747
9238
8744
4500
6380
5495
6389
9215
1992
4054
2349
8881
5840
5603
9932
9942
8299
3124
2196
7388
5941
3834
8222
8843
5006
1983
9600
5945
8201
6201
8845
3549
6944
5278
6430
1950
5594
3228
2042
4523
8600
8082
3772
9974
3080
9918
9946
9877
613
7621
2467
1050
4672
1026
9297
7724
7521
1060
9598
1399
346
485
6557
704
8025
6663
9949
4897
8361
2175
2358
264
7449
9520
1831
9476
3337
5627
455
195
9814
2814
1258
5019
8403
7211
1066
747
5743
1068
134
184
8533
7646
129
8662
5782
3289
5161
9777
7913
130
8593
330
2691
5205
9484
5945
2314
4874
9335
6021
6143
3864
8947
7272
6174
498
9370
470
8638
9633
9014
7102
9283
1220
987
314
1311
3924
580
9194
7763
6537
4338
9098
2411
1232
4177
5720
8970
7990
153
7422
4260
359
7350
2349
1543
2455
9266
167
4419
8163
8560
9548
3106
3509
3879
6540
2138
4856
7238
944
3583
5253
1282
9830
2053
9439
9797
393
781
4002
221
5047
256
441
5073
6550
655
7467
6680
7901
9559
4019
3754
764
5658
3186
2311
9836
5020
613
1219
9408
7148
8896
8240
4932
9913
6775
2901
6136
287
3322
3420
9037
246
8124
6234
6329
2770
3663
3719
3881
1467
5975
4055
5564
1767
4070
6464
8707
1018
7062
7473
524
3458
6760
2663
9199
5805
6044
9522
6527
5605
3611
4203
708
1926
3071
1461
8143
3177
6226
6076
9195
2152
2141
7592
9533
935
7071
4183
5347
2850
7777
7903
7130
9336
4311
3624
5935
1211
413
6451
6732
2620
7611
4373
5616
8318
2056
970
1690
8479
4073
3193
8510
5948
9667
7633
9508
6222
4520
3642
5683
5416
1892
422
9284
5803
5756
8674
4540
2897
9411
3192
1070
9354
3866
2534
790
4375
4098
809
4815
4850
8010
412
3951
8725
8123
1524
7126
5397
6665
9184
2100
8200
4916
1098
5162
1622
8985
2476
1581
8707
8587
7591
2453
4004
9299
5822
2646
5379
7373
1088
1993
7972
2366
4095
2163
9869
4050
2111
4852
4165
1349
9535
8138
543
2534
9155
5227
322
2990
7513
3734
5835
255
3842
5000
3960
5384
4502
8867
8795
8794
6872
4084
6548
7996
9218
3830
6842
8890
2131
4481
2474
5259
8093
6566
8795
5876
4169
9073
9297
7359
8575
3696
1266
7509
2267
8525
8699
5477
8447
2170
8015
6071
1862
1671
7280
9162
9245
5588
2109
9484
482
8113
2993
8751
6197
8831
7343
369
5125
4546
1878
5345
8411
8086
5199
1413
2473
5901
4544
5832
6893
6038
8569
2248
4559
9964
3136
1694
8473
4401
2651
459
1263
1805
2265
2346
8661
8082
408
5951
3254
8941
677
8109
6668
8402
7040
8864
8481
2602
1613
8386
9863
4334
7213
2811
3180
7282
3483
4014
7150
4417
2141
9173
5391
1098
4135
5714
2092
3965
7321
1175
6246
3767
5014
2640
1097
3971
3370
5138
6730
9010
3932
6423
2970
1982
3193
5371
4385
4715
7293
1350
8877
6495
5203
4344
4699
9916
5956
113
4979
200
778
8175
5734
700
9914
1146
1139
7564
8592
6901
5962
5513
1825
2411
3696
8934
2082
1723
8618
9351
8534
1309
772
213
4649
5159
8200
1748
7067
1922
1459
4628
5960
1919
6659
1096
7777
3824
4380
3984
8646
9301
371
9062
6383
8514
1341
6800
2297
2185
276
9789
4027
2839
5423
7845
775
4746
1529
2294
9846
9937
6254
2032
4137
123
9604
7489
2429
3707
5185
240
6312
4734
4540
3611
7204
9980
8354
7063
3881
3001
4707
3718
3781
7260
6602
2117
3355
5028
7864
6293
3438
4649
3388
8640
7043
7155
5508
7865
5839
3875
5810
8883
9569
4084
1739
1736
1909
301
5232
2864
9871
5728
9911
8177
4204
2065
6167
4636
6389
4552
2818
5725
9363
9389
6176
395
5027
9904
2549
1999
7625
7458
283
4126
2646
1038
3614
9717
8334
8956
6700
2460
434
9396
9512
2987
3387
6608
4230
8595
4940
8594
104
689
891
5457
891
2105
6778
5825
6009
582
6417
196
361
9137
8641
8178
3434
5007
9895
2918
1660
5763
8481
5143
8609
5357
8966
1455
1603
2951
4538
2134
1083
2851
3095
8122
1797
864
2326
3762
611
7015
4114
4788
4566
7603
6113
6445
1128
5267
2432
8442
4521
3151
9655
3020
2398
8370
8854
8716
4720
8982
3364
4508
6176
1773
7285
6493
9673
552
7718
7447
4625
1676
2598
9009
9293
6274
6553
5980
1086
1286
3923
7631
101
6451
2895
1880
6775
1138
3855
6555
3333
517
6606
7742
8962
3013
6704
4873
2495
9511
3268
1469
7663
7869
2938
5205
2592
982
5629
541
2541
1261
7274
5770
9804
3202
4371
1335
2305
1335
3144
4566
180
4836
3689
6448
2643
9304
5015
7184
7806
986
2983
9022
9933
1842
7058
2559
9930
4528
6203
3590
2325
8272
4891
2139
1868
2492
4302
6292
9376
1109
2432
2832
3537
8055
7387
505
8788
4202
7449
3862
9251
4757
7664
3625
4582
3484
2088
2236
3818
7754
4228
7663
9998
209
5815
2901
2102
4064
5441
4258
7418
4556
4199
2955
2433
1576
6301
215
9550
7515
4537
838
4098
3232
9982
1522
2102
1193
6586
4703
4028
2483
6816
5608
6054
1297
5840
6766
9078
9508
4638
4529
5109
8286
802
1765
3750
1323
8914
4225
1160
4503
7813
1482
3820
8220
2026
8052
7720
7922
432
9620
2070
6936
3283
4398
1602
7577
9608
3025
913
6218
6580
649
4141
4252
9565
7297
2491
137
1030
9635
393
6256
8789
935
7468
1583
5134
6094
1259