6697
8382
6088
9065
7179
6385
1618
863
3023
8310
8827
5098
6251
254
4592
5129
7750
9740
2891
1675
1888
2011
738
1275
9103
3111
3044
842
3287
2085
4305
4118
4628
4973
1406
646
4397
879
6576
7723
2002
553
8726
7905
9366
8033
3983
7851
7083
3518
7936
3750
6099
8397
6600
7676
3727
1878
1352
2744
599
1481
1687
298
9545
6920
8599
2359
9388
5827
7826
3296
7170
8772
3562
8159
8830
1434
1278
5180
8485
1062
8817
5730
1031
3623
3540
2940
6796
1989
4166
347
2053
8830
7786
5409
175
1638
1390
367
8182
755
8432
8372
4309
5411
6207
1002
8352
9815
4545
9208
5405
9333
6680
7795
4383
3473
8690
2631
4162
2885
1118
3011
3210
1335
6184
570
7304
8350
1775
8114
7108
9458
307
2911
3827
9780
2626
1994
727
4385
4285
6689
5213
3336
980
1563
5505
1914
1743
5193
3607
7226
6760
9935
7214
575
8691
235
1466
671
5469
5160
469
8048
6302
3788
1325
1372
1698
6367
492
4865
1288
7699
5226
8341
5272
9158
3616
9084
7871
1633
6537
4730
2721
339
9174
2203
5232
3085
8819
9876
8829
7179
9998
3776
5963
6402
9935
3937
8308
245
9745
536
7258
7670
926
6384
6070
5953
8899
2648
4928
7468
1965
7995
1135
5327
2826
7130
5319
4805
1784
2936
8563
9746
7991
7431
2367
7973
6037
3743
8816
4046
6245
2453
8320
1397
6533
3650
3389
4189
6463
437
1415
8059
2558
1695
1649
4025
9473
5677
2784
3424
9973
632
3893
3892
1308
8215
2329
3602
6146
8912
8503
9456
3286
9036
297
9425
8771
1314
4253
469
1989
6858
8035
5408
3971
3147
408
391
488
3804
2402
7139
5880
143
1219
4033
8955
586
8990
4613
7678
2319
2189
7980
3147
3836
6663
7905
2299
8475
8786
4921
547
1379
1807
8041
6040
6559
1506
3505
509
2318
9378
5014
952
9012
1430
9075
2540
3686
6977
9869
1486
5882
6728
2162
2514
5283
9871
9429
7814
8053
8674
3551
7689
8688
1571
3554
6765
8945
1221
430
4994
8245
1517
9448
5538
2382
9519
5598
7601
4035
9433
9259
6680
8715
6873
9392
377
9992
3959
7740
3543
4367
7904
2253
3314
3032
7354
2947
8661
8827
4422
847
9162
9092
2857
2122
1204
1509
7044
3209
9410
9607
8533
9469
8910
6661
2627
8771
8409
7865
124
4113
7694
3886
6374
4003
7115
3123
1621
8223
7782
7399
3847
4968
9699
8970
1394
1222
4633
6254
6289
3073
9756
7375
7661
2814
136
4702
9555
9269
4409
9551
5081
6517
4992
8351
5784
8333
7892
1227
2495
2267
5026
2273
1463
3625
8951
7802
7867
2432
5295
9244
7885
8521
7000
2537
6578
7860
1063
2036
2183
1546
7031
7092
1886
1548
4385
485
8094
3367
4246
3623
656
599
111
3500
2596
631
1776
2802
8127
1611
4589
2612
510
8428
8301
812
8852
3613
6858
9341
8364
1350
4477
6335
2542
8036
233
1458
6569
9846
8147
4238
7612
6599
7825
2565
2640
7914
4491
2327
7075
134
7970
7007
2666
2672
4726
3114
2066
4780
4639
9100
8125
6294
4476
2429
4080
4431
5258
2148
8986
8816
1478
359
7444
8813
7455
3256
5932
3533
7075
2606
5780
2815
9639
4087
7926
360
8226
2699
9808
913
3339
7517
3283
4605
7530
7288
6506
7162
6781
5759
3923
497
3947
917
135
529
3590
5508
7518
1064
7057
6547
872
8405
9415
183
1964
737
1992
4587
7525
6925
6643
9689
441
6147
2438
333
3536
2970
4633
3630
8722
6231
4887
7547
7758
1828
293
1624
7075
2661
6281
5417
6201
2561
2384
3332
1853
6269
2188
7863
9164
7175
8207
7174
6355
6624
3896
511
5494
2514
2032
3002
1129
3595
6417
8027
3956
4917
7459
4671
5526
4094
238
2590
7686
2794
714
2796
8738
8493
3351
348
7774
1039
9145
7614
5982
3749
3468
2184
5295
7363
8847
7779
1904
2594
9689
1882
4284
1126
135
146
4115
2259
9478
182
9726
6892
8454
548
2589
6051
5474
5247
7697
1446
8292
7449
2395
6000
2237
2598
6295
9146
7727
1745
1510
5534
3601
8678
636
486
9029
9026
5966
5169
4598
7954
4892
3211
8706
5635
8729
5397
3963
1573
9725
6196
4845
6697
9678
4238
6329
2123
3122
1091
1909
3571
8074
8963
5495
9474
7035
4287
5583
4783
318
4811
2003
5189
5493
3251
2766
1321
8426
4177
1860
5441
8636
1447
3478
6408
8696
5213
5111
6970
4578
1932
6106
5489
8729
8086
5321
9562
8914
9800
7323
1181
8624
1987
3739
4050
8319
7403
2250
3794
477
6780
4757
5349
3100
7284
2128
8603
4340
8131
1363
4683
9516
3095
258
3543
2721
3663
1378
4678
3955
7581
7492
3948
4439
3926
9109
6504
1451
2866
3884
4559
5853
2778
8268
8816
8069
6955
2066
8776
6043
3513
4331
1507
4996
7452
4573
614
7304
1475
8835
9085
5818
1050
6143
4516
4075
4567
8955
3333
3259
3647
6379
4402
5527
7224
7789
2414
333
7291
627
778
877
4210
5445
2827
6513
1262
8526
2026
6694
4367
1422
6934
832
8744
4126
5944
1330
6924
2223
5306
4864
3930
9976
325
9472
4433
826
3358
5156
2590
6234
3976
8318
9608
6023
5987
1701
7775
1351
3714
2515
6769
4099
5101
6173
9642
9432
1812
3697
8325
5096
7537
4180
3227
8564
4663
9338
3146
1700
4687
7185
387
6380
3781
8798
2002
7842
5480
5406
4715
4994
2684
7307
1585
9993
9297
1806
9770
6423
7093
1746
7919
3206
5816
2829
4292
4078
7269
2903
5049
9229
2105
2436
194
7395
3561
3413
4845
6188
615
8348
2643
646
9930
915
9362
8724
2652
3511
2377
6734
2393
378
6767
5323
5509
5533
3624
3569
9483
1196
5489
6578
3508
3251
4412
7388
9718
6827
4870
5177
5661
7443
6987
6254
6443
8152
1040
7289
5975
9678
9790
3648
9376
3060
503
511
3240
2178
4235
8849
1165
8397
6547
3197
1379
6136
2023
1357
9349
3036
5396
5858
3061
8910
2356
8001
683
736
1358
3936
1894
9980
8937
8151
355
8427
4169
6870
744
1858
1198
8614
9511
4217
2900
9916
7064
1669
4256
8580
9777
2612
2893
6683
8025
4146
8617
3167
9331
9606
6660
4102
9960
6421
7857
8256
8364
9369
331
3944
1396
9990
9266
2734
1843
7941
9746
6634
8320
6683
3526
3481
1358
3423
5641
6459
6895
7482
858
5859
913
2104
4155
9135
5837
7156
5871
106
2101
4482
8462
6206
9217
7902
3871
9231
8670
6362
4117
1569
8533
9830
4147
7367
1964
3328
5350
9767
6888
7313
123
5722
306
9142
3561
7482
1363
2989
5736
1751
951
2103
8306
422
651
4202
3195
4420
1727
2972
7250
3890
9022
8711
6029
4443
4939
5445
756
5166
9116
8795
8218
8321
7608
7341
1929
7958
8280
5746
8475
9999
4378
7018
4315
4287
7722
9418
4214
4128
2192
344
1153
8720
3710
9889
733
8802
8734
6095
3905
5264
3869
9732
4397
8698
8595
1639
428
6190
4452
9922
779
9244
2995
9638
3462
8734
5658
3215
423
8796
3268
4781
6028
4417
5969
1670
9622
5189
9411
5022
9293
168
7993
8622
3918
7006
7443
1482
3821
3032
1542
6304
4282
2567
2009
7361
5424
1923
1002
3084
2031
543
4152
3739
1780
2131
8647
8569
5668
1142
5529
8183
5095
2504
5720
5290
280
6819
2529
9388
2602
5660
6280
7965
8518
5714
7543
8600
5148
5599
3385
6808
9128
2116
6874
5129
501
8431
5964
9638
6045
2401
5497
3325
6664
5822
896
3989
8932
6011
4311
2079
7119
1437
3996
9438
5343
3946
5527
9592
7789
5032
9686
6705
7140
9607
5705
9792
2616
410
7985
7779
8795
706
7709
7320
3408
4863
2362
9079
4555
9917
6173
3203
4965
3559
4027
7765
6043
468
2473
3378
6516
225
555
6342
4343
6853
8751
6250
5026
2268
8069
2527
1266
3651
2953
7092
7132
8415
1930
3383
9319
7367
7258
114
9944
168
8408
6217
1510
7927
9313
1160
2406
203
8721
127
2563
2102
2615
7531
1804
5964
2289
4914
731
7632
8990
2005
3872
5129
4319
8209
5423
8591
8063
1735
4620
4946
2828
692
4092
2796
7925
6633
7001
9871
1674
4874
9946
7763
8634
1366
7182
3247
1435
5297
8372
2960
8612
9135
7188
1124
172
7263
8497
6404
8519
9803
4131
1287
9467
8186
2825
1018
9225
2691
7747
9453
4411
4744
6705
2822
2994
1871
1802
363
5881
3072
5352
1243
8975
1715
5040
657
951
1717
4893
9164
8541
2473
3683
7732
3709
8640
331
7437
4836
9907
5206
5703
6872
7562
2443
6641
7621
4691
250
5530
2739
9160
850
5861
4407
8449
8138
9074
7001
8369
337
6905
1152
9512
7718
7291
1622
8067
2700
7300
437
8894
3245
6389
2544
4607
6843
6729
5337
4028
2262
8998
5076
1460
3377
4698
1089
7414
1768
8532
7792
872
1767
9245
7688
1859
2160
7935
1424
5142
1939
9732
2075
3732
1691
7156
9735
2179
2850
7784
6008
2243
5803
5176
4518
1592
4470
4958
4614
621
8989
5498
4437
1932
1641
6569
6571
1462
8328
6564
6613
9779
503
4590
4970
8677
1378
662
6233
6137
1507
4016
6252
2128
2821
7338
5517
5601
4451
1156
117
1964
7809
1523
4982
9692
4320
2987
3160
5496
735
4947
2085
4775
8594
987
4576
7640
1751
7991
5035
8919
282
3444
1126
1656
7184
5405
2704
6244
1073
4982
4183
7839
9232
6094
2373
5781
5428
2267
3081
2142
5553
8342
2011
8937
4343
8899
230
5249
957
3634
3849
8730
3263
5164
8196
1112
5879
5395
307
7849
432
8337
432
9835
9087
2450
4400
5446
3385
6145
7821
8658
3555
6787
1202
4073
5358
3434
1272
1172
8305
1356
6372
1509
4232
8796
4970
2785
1797
2057
4355
4049
656
8252
6272
9906
1725
4990
6709
1254
3519
5206
2912
3012
3838
8369
8146
3068
4155
491
5938
6533
9704
3930
6451
5069
1905
6603
7412
3250
9487
3475
7445
7493
7772
4576
3535
8312
6092
337
7900
8269
4843
1941
7976
6498
1211
5663
1313
1632
5058
6184
2533
3386
4876
4847
4403
6514
7760
7790
2436
7916
3887
8649
5694
2831
4549
138
283
3942
5180
9697
7288
2807
9122
6584
554
521
5368
4056
6746
1819
4180
8343
2769
5677
7442
2404
6027
1231
6830
5871
1662
8450
229
7346
8260
1171
1006
3389
5988
7005
6753
5174
5148
2266
2701
5716
809
4259
3226
3032
9818
8326
1574
193
8295
3870
7882
6364
4277
4652
175
7915
8559
2279
7724
2237
9740
7917
8209
3815
9194
4699
7545
6773
5430
8825
216
2652
294
6307
2950
9645
8069
7464
5957
6504
9383
1160
8276
7492
3023
7100
329
6870
7858
4664
5511
3793
4645
2976
4631
9226
7145
8559
9434
3675
1150
5127
1678
894
2114
7681
1238
4957
7116
8009
2320
3318
5901
2648
113
8970
3672
400
9420
5855
6941
3852
292
7874
4344
2644
3997
6323
8196
5269
8392
6681
1863
1930
1532
9871
4144
7915
2597
2061
9139
5317
1199
8454
1060
7003
3980
877
4180
6973
9667
5332
503
7801
7238
5476
6992
5165
6795
2935
6992
8964
5709
4140
4193
9033
191
3640
4533
3514
1482
7568
3840
7329
1331
6178
7528
591
2821
6456
526
2502
5854
2651
6990
4277
3668
4869
9523
8068
3768
3432
1727
7091
1895
9445
4463
8687
8144
874
9680
8701
6516
5379
1479
3638
4282
3063
6534
3579
6378
2145
569
9372
972
3972
8517
2633
4006
6694
2326
8174
1678
6417
3976
7762
2952
2111
3875
765
3040
8719
5085
9323
7780
2323
8986
6338
1848
7110
8427
9624
9200
8393
774
4484
4042
8960
2152
8760
8510
1348
5994
4078
2049
4893
1503
464
9322
9917
6285
921
8047
8726
7876
8343
5987
6977
8546
4245
5532
9353
6831
7222
632
4744
5022
7750
814
7853
4180
2509
3981
8438
1641
1118
2178
8693
2743
8360
7317
5436
8540
1616
4388
4658
3008
4501
4520
1062
7956
8696
9198
7534
4555
3542
6975
5797
6282
4757
6134
812
7345
6693
6540
9811
2309
8899
8530
104
4558
4454
2613
3028
3197
4920
4745
3478
739
3151
3952
2401
4365
2821
3701
2555
2397
1234
7425
1046
470
605
9893
9840
9861
160
7885
3858
8031
1709
3097
853
2071
8437
6728
9821
3515
8296
450
8701
7484
9776
8942
1673
9883
2188
3884
7306
309
7409
983
6086
2779
6929
4650
4074
7299
1649
3226
2895
2988
204
1344
2968
973
7804
6168
8853
1617
2747
235
6332
9039
6175
7897
620
465
9027
8761
8467
1040
5497
6543
7405
7077
1685
5824
5761
6753
7610
1883
3316
4627
7063
3721
1123
2604
251
3357
4099
8341
3148
2175
2771
5781
8323
4623
3247
5872
8526
3765
9984
6361
8777
6056
8640
7194
317
5069
703
3880
1806
773
7728
6357
4526
9053
7649
1414
8843
631
8568
6445
1848
7689
5798
848
7915
2937
9486
4109
7206
5081
9719
5857
7483
8964
116
870
699
5319
9571
2009
6986
9862
9949
1929
3904
708
724
4688
655
6515
5180
5310
3950
8331
8031
685
5471
3662
1439
6432
4464
7442
8281
7795
7489
311
158
6090
9751
8808
3311
4034
442
900
2294
2378
8463
4532
3736
5264
5896
4873
9110
8998
5663
4742
2555
8174
6330
4099
1396
6235
6198
3715
525
3172
2162
237
9775
681
3229
7571
9105
6775
327
7121
5126
5946
8482
771
8726
6203
1900
5730
3916
6598
4831
8290
1038
8334
9212
9864
3626
9611
1303
6944
9130
1535
6094
7130
9422
2997
6789
6109
1022
7717
5957
7629
9789
184
8491
6754
1299
8359
7494
9476
8836
4643
4036
5574
4808
5994
7151
9610
7648
8985
9945
5585
1849
9873
2210
2672
7738
6572
1333
6940
1039
4325
9891
2350
3210
6121
7476
3664
7814
400
1647
3236
9960
2600
6275
4611
8110
6550
813
1721
4470
8729
5605
408
9238
4087
249
8845
3653
6349
9021
8521
4332
5730
2575
367
4881
6116
1370
4373
6449
823
2982
9221
2782
536
3219
4294
3847
9086
4382
3678
4906
3741
7903
4268
7258
1939
8621
8820
480
7580
3562
5639
6052
7295
9170
820
7314
2876
7807
4963
9041
3432
3277
6855
7523
9263
5534
5925
1678
1979
4423
4502
1071
113
9597
4768
350
9767
8736
8922
2671
7514
1183
2189
867
7253
154
5993
8070
1757
4258
8011
6800
4499
2429
5869
7726
3551
6389
7426
9010
570
419
8776
9549
8560
5051
8577
7988
1382
1114
4060
5156
9242
5565
6614
4784
6019
2394
7163
4664
5437
7243
8755
7595
2693
6299
3082
235
6522
6835
9920
4550
8120
8184
3934
8133
733
1385
9038
4206
8338
4465
5047
4954
8333
4763
134
245
7980
4798
2639
1846
1164
5514
3537
6424
1488
7236
1045
8041
8217
4054
6993
3440
8935
6352
9230
3744
6607
2398
5745
8099
4777
7746
8981
5358
1734
296
6433
2495
5959
5041
8358
1556
9876
4614
716
7850
4147
6661
9369
6505
5435
1891
6124
6067
3564
4139
8386
3820
6435
4862
6795
8501
2647
3890
1811
2798
9051
9013
5439
9631
7753
9264
1676
5251
9103
4613
4358
1414
1278
548
8924
559
4452
4058
3100
8744
6878
2679
3501
9992
3391
7197
3814
9936
899
6217
2969
5876
7205
8031
7965
4622
5745
4550
6216
8816
6838
118
403
8830
467
6957
7612
5378
6413
9810
8392
6968
9022
8342
2155
4316
9575
816
8863
1844
6454
7911
3590
7378
6155
956
4133
9303
8397
3174
1001
9836
8986
2554
4701
4943
8885
6961
9517
9730
5097
2199
6720
1154
8138
8914
6968
7297
4800
3550
4715
9486
8153
3381
6190
8258
8311
7369
3370
2245
4907
228
361
7460
9083
5530
4632
9471
8468
6838
6331
1197
6961
8104
8186
4842
5968
1767
7650
9682
6754
6440
6502
8717
2671
2189
7434
4503
104
5297
7578
7404
1653
3021
7615
4721
301
2167
2194
3020
2880
3735
951
3779
4153
2332
2879
5883
5929
4694
5215
5722
5032
2218
7053
1641
3114
5858
3172
6167
5449
4848
6581
7038
1706
3557
922
3451
9714
4914
167
3973
7539
3321
3856
9061
9407
2298
7064
9293
3765
9820
8976
9121
6551
6343
3886
5636
592
6954
5850
9382
3066
5532
5748
5606
6616
2981
814
1654
6351
8425
654
9254
2529
298
2256
8868
4309
6779
2937
3390
473
9293
6314
2147
4232
1333
8894
5256
7458
540
4996
543
4692
5550
6587
7036
875
8808
1607
3264
9715
4429
6100
6866
6781
999
1015
685
8839
6440
9561
7597
7804
3644
4218
6031
7561
2357
1092
5609
4032
8011
9385
2574
7053
3658
9617
4370
8162
4921
4271
672
2785
8953
2973
809
6227
8858
6651
5455
4885
6741
7775
3933
6740
2727
4009
5330
6326
6507
647
9007
6595
4399
2573
4860
5723
3512
9818
1588
1548
3248
2296
9237
5885
2941
7339
8766
3238
2450
3913
8657
838
3812
6177
9562
7440
9330
8227
3471
6125
3948
6781
3996
9159
6555
9812
4558
1552
680
4445
8202
4291
8809
9617
5258
4535
4035
3996
2868
9127
5114
4125
2850
9558
2408
681
3334
2774
5265
303
1567
6954
1437
7447
6353
6910
5404
9034
887
9569
1836
3332
6623
4996
7048
1922
5037
8471
2233
6891
1435
9434
8546
6918
3001
9015
6636
5855
3287
3520
9229
5902
9412
4067
8724
1385
3567
2329
9577
2714
1784
1063
6823
2058
1213
3955
3124
8931
7803
4246
6926
3211
4789
982
7765
4023
4880
4403
3261
9529
8034
6737
8440
8239
9449
1208
7619
2845
790
3887
2420
3109
3347
6537
3097
7097
502
2562
4295
1254
519
9303
7309
8847
2842
1708
8861
5348
5336
3640
6884
9075
9920
6223
1657
4475
2406
6528
2746
9193
9864
7417
473
167
1437
3334
2241
4035
1882
5098
4763
7420
4762
9717
4562
7532
4964
3573
9514
8130
5244
5223
8593
669
756
5435
5057
5185
5923
1263
5458
686